MASCULINO

PARA Y1------------------------------------
    Class limits   f   rf rf(%)   cf  cf(%) [13.316,15.543)  12 0.01  0.92   12   0.92 [15.543,17.771)  25 0.02  1.91   37   2.83 [17.771,19.998)  71 0.05  5.43  108   8.26 [19.998,22.226) 140 0.11 10.70  248  18.96 [22.226,24.453) 201 0.15 15.37  449  34.33 [24.453,26.681) 238 0.18 18.20  687  52.52 [26.681,28.909) 214 0.16 16.36  901  68.88 [28.909,31.136) 174 0.13 13.30 1075  82.19 [31.136,33.364) 122 0.09  9.33 1197  91.51 [33.364,35.591)  73 0.06  5.58 1270  97.09 [35.591,37.819)  27 0.02  2.06 1297  99.16 [37.819,40.047)  11 0.01  0.84 1308 100.00


PARA Y2 -----------------------------------
    Class limits   f   rf rf(%)   cf  cf(%) [17.573,20.121)   7 0.01  0.54    7   0.54  [20.121,22.67)  34 0.03  2.60   41   3.13  [22.67,25.219)  72 0.06  5.50  113   8.64 [25.219,27.767) 144 0.11 11.01  257  19.65 [27.767,30.316) 187 0.14 14.30  444  33.94 [30.316,32.865) 227 0.17 17.35  671  51.30 [32.865,35.413) 236 0.18 18.04  907  69.34 [35.413,37.962) 176 0.13 13.46 1083  82.80 [37.962,40.511) 127 0.10  9.71 1210  92.51 [40.511,43.059)  66 0.05  5.05 1276  97.55 [43.059,45.608)  26 0.02  1.99 1302  99.54 [45.608,48.157)   6 0.00  0.46 1308 100.00


===========================================
===========================================
===========================================
FEMININO

PARA Y1-----------------------------------
    Class limits   f   rf rf(%)  cf  cf(%) [13.306,15.745)  11 0.02  1.97  11   1.97 [15.745,18.184)  27 0.05  4.85  38   6.82 [18.184,20.623)  50 0.09  8.98  88  15.80 [20.623,23.063)  62 0.11 11.13 150  26.93 [23.063,25.502)  91 0.16 16.34 241  43.27 [25.502,27.941)  87 0.16 15.62 328  58.89  [27.941,30.38) 106 0.19 19.03 434  77.92   [30.38,32.82)  70 0.13 12.57 504  90.48  [32.82,35.259)  34 0.06  6.10 538  96.59 [35.259,37.698)  16 0.03  2.87 554  99.46 [37.698,40.137)   3 0.01  0.54 557 100.00


PARA Y2-----------------------------------
    Class limits   f   rf rf(%)  cf  cf(%)  [18.582,21.28)   9 0.02  1.62   9   1.62  [21.28,23.978)  12 0.02  2.15  21   3.77 [23.978,26.676)  44 0.08  7.90  65  11.67 [26.676,29.373)  76 0.14 13.64 141  25.31 [29.373,32.071) 104 0.19 18.67 245  43.99 [32.071,34.769)  98 0.18 17.59 343  61.58 [34.769,37.467)  81 0.15 14.54 424  76.12 [37.467,40.164)  61 0.11 10.95 485  87.07 [40.164,42.862)  43 0.08  7.72 528  94.79  [42.862,45.56)  21 0.04  3.77 549  98.56  [45.56,48.258)   8 0.01  1.44 557 100.00